# | LABEL | DH_vap | density |
------------------------------
  1  1MIMI    19.54     0.963
  2  2MPYR    28.01     1.097
  3  2NIMX    41.34     1.044
  4  2NITL    38.42     1.123
  5    3HT    43.02     1.103
  6    3PT    32.48     1.142
  7  4MIMI    23.58     0.983
  8  4NIAN    29.75     0.983
  9   ACPH    33.06     1.092
 10   ANIL    25.67     0.989
 11   BEAL    25.24     1.038
 12   BENZ    18.53     0.894
 13    BRA    28.12     1.525
 14   BRBZ    25.23     1.652
 15  BZDOL    38.46     1.062
 16   BZNI    26.12     1.023
 17   BZQU    26.65     1.097
 18   BZTF    34.66     1.359
 19   CHEX    20.22     0.797
 20  CHEXE    20.40     0.779
 21   CLBZ    23.93     1.174
 22   CLPR    48.15     1.303
 23   CLTL    28.85     1.119
 24    CPR    -1.25     0.006
 25   CUME    33.87     1.119
 26   CYPE    17.55     0.884
 27   CYPO    14.11     0.920
 28  CYPOL    15.03     0.937
 29  DBRBZ    33.42     2.262
 30  DCLBZ    31.58     1.402
 31   DIOX    25.66     1.025
 32   DMAN    35.95     1.141
 33  DMBZQ    35.94     1.055
 34   DXLA    19.41     1.062
 35   EBEN     0.00     0.000
 36   FURA    24.46     1.054
 37   IMID    32.93     1.078
 38   IOBZ    36.75     1.968
 39  IOPHE    41.30     1.953
 40  MBZOA    37.72     1.016
 41  MCYPE    20.61     0.807
 42   MESI    27.93     0.759
 43  MXYLE    26.25     0.834
 44  NBAPH    50.59     1.318
 45   NIBZ    33.86     1.154
 46    OMA    26.26     0.908
 47  OXYLE    27.65     0.877
 48   PBEN     0.00     0.000
 49  PBZOA    41.57     1.126
 50   PCRE    20.97     0.890
 51   PCYM    34.18     0.903
 52   PHEN    28.60     1.066
 53  PIPER    18.77     0.788
 54  PXYLE    21.05     0.832
 55   PYAZ    21.79     1.071
 56   PYLI    17.73     0.941
 57   PYMI    20.44     1.003
 58   PYRI    22.05     1.087
 59   PYRR    20.95     0.905
 60   STYR    26.85     0.989
 61  TCLBZ    38.40     1.550
 62   THAZ    24.85     1.234
 63    THF    17.94     0.994
 64   THIO    23.46     1.158
 65    THP    21.50     0.887
 66   THPH    27.19     1.205
 67    THT    18.38     1.160
 68   TOLU    23.90     0.931
 69    XBZ    24.54     1.022
 70     2T    56.87     1.503
 71   ANTH    59.48     1.240
 72   BZIM    46.78     1.244
 73   BZTA    41.84     1.329
 74   BZTH    41.63     1.285
 75   CAFF    60.88     1.358
 76   CNAP    41.02     1.295
 77  ENAPH    45.46     1.168
 78   INDA    42.01     1.147
 79   INDO    38.86     1.112
 80   MIND    32.20     1.054
 81  MINDA    32.38     1.094
 82   MNAP    40.24     1.082
 83   NAPH    36.33     1.096
 84   NAPY    37.94     1.186
 85  NDMBI     0.00     0.000
 86   QUIN    35.43     1.136
 87  TDMBI     0.00     0.000
 88   TECE    83.10     1.305
 89   THPY    41.53     1.326
 90  XNAPH    43.46     1.160