# | LABEL | DH_vap | density |
------------------------------
  1  1MIMI    19.27     0.956
  2  2MPYR    20.31     1.014
  3  2NIMX    33.65     1.044
  4  2NITL    31.27     1.122
  5    3HT    28.06     1.064
  6    3PT    23.63     1.081
  7  4MIMI    23.74     0.971
  8  4NIAN    18.26     0.987
  9   ACPH    23.78     1.039
 10   ANIL    27.01     1.037
 11   BEAL    25.69     1.038
 12   BENZ    18.47     0.890
 13    BRA    20.53     1.517
 14   BRBZ    19.65     1.653
 15  BZDOL    33.60     1.063
 16   BZNI    16.09     0.948
 17   BZQU    19.45     1.100
 18   BZTF    26.32     1.319
 19   CHEX    20.47     0.793
 20  CHEXE    21.25     0.804
 21   CLBZ    23.39     1.153
 22   CLPR    29.24     1.304
 23   CLTL    23.54     1.121
 24    CPR    -1.25     0.004
 25   CUME    19.46     1.053
 26   CYPE    16.91     0.869
 27   CYPO    15.28     0.976
 28  CYPOL    22.25     0.895
 29  DBRBZ    28.88     2.269
 30  DCLBZ    30.11     1.360
 31   DIOX    23.90     0.989
 32   DMAN    33.34     1.050
 33  DMBZQ    28.60     1.055
 34   DXLA    19.34     1.060
 35   EBEN    16.86     0.957
 36   FURA    20.50     0.921
 37   IMID    28.10     0.951
 38   IOBZ    31.76     1.962
 39  IOPHE    36.45     1.956
 40  MBZOA    23.29     0.964
 41  MCYPE    14.19     0.809
 42   MESI    28.15     0.760
 43  MXYLE    25.76     0.831
 44  NBAPH    31.96     1.317
 45   NIBZ    25.33     1.134
 46    OMA    26.25     0.903
 47  OXYLE    27.60     0.879
 48   PBEN    17.33     0.994
 49  PBZOA    31.56     1.125
 50   PCRE    24.79     1.007
 51   PCYM    34.43     0.906
 52   PHEN    27.75     1.060
 53  PIPER    19.04     0.787
 54  PXYLE    14.16     0.834
 55   PYAZ    17.33     1.072
 56   PYLI    16.23     0.860
 57   PYMI    20.14     1.000
 58   PYRI    18.52     0.951
 59   PYRR    21.35     0.909
 60   STYR    22.97     0.870
 61  TCLBZ    33.63     1.549
 62   THAZ    24.49     1.234
 63    THF    16.43     0.914
 64   THIO    21.00     1.054
 65    THP    12.59     0.793
 66   THPH    24.40     1.098
 67    THT    16.20     1.065
 68   TOLU    23.90     0.925
 69    XBZ    22.07     0.955
 70     2T    54.94     1.406
 71   ANTH    52.37     1.242
 72   BZIM    39.38     1.244
 73   BZTA    34.31     1.327
 74   BZTH    34.05     1.283
 75   CAFF    61.31     1.361
 76   CNAP    33.50     1.295
 77  ENAPH    30.46     1.168
 78   INDA    34.42     1.149
 79   INDO    38.24     1.111
 80   MIND    32.04     1.055
 81  MINDA    25.03     1.093
 82   MNAP    33.03     1.082
 83   NAPH    36.17     1.093
 84   NAPY    30.35     1.189
 85  NDMBI     0.00     0.000
 86   QUIN    28.28     1.134
 87  TDMBI     0.00     0.000
 88   TECE    75.03     1.304
 89   THPY    38.69     1.240
 90  XNAPH    28.35     1.161